-9.225209764189564e-08   -1.901868145009211e-09   0.0064107562277809955  0.03836891643402159
-1.4395074774174635e-07  7.519278013153967e-09    0.0069504993892211325  -0.20137217212618505
6.986664622236052e-08    -9.155301584764632e-09   0.009989198222982491   -0.05761329249705904
-2.1326215869526543e-08  -9.420728467160369e-09   0.00788022052605489    0.029077894117350175
-1.4214779714909237e-07  -1.2087645508685987e-08  0.008791248581674925   0.1998122610770241
1.0008103763840303e-08   8.39354380454892e-10     0.00929024735014867    0.0008747501237956467
-8.801328523743638e-08   -5.516141458216846e-09   0.006938733079650886   0.09062847462379417
4.156041687420081e-08    -4.630981653357617e-09   0.0056802236054382315  -0.053612183702734746
-1.653567020685076e-08   2.8748395278942394e-09   0.007294545762720359   -0.008029348521244525
2.3081986185371592e-08   9.941544246502889e-09    0.008788995510303182   0.02669868966852339
4.5519702114976065e-08   -3.5054795450035636e-09  0.005359077917390805   -0.04993535156483882
1.3975326139060918e-07   -2.809490960171608e-09   0.0064940604373802165  -0.08367550549181958
1.3961802225280958e-07   -7.4190877844488225e-09  0.009286599224389186   -0.10794933985994568
-1.395154580886499e-07   1.3927822050769664e-08   0.007888845425922901   -0.2806209249183224
2.711673878581754e-08    -1.2543575246724045e-08  0.008765789690587552   -0.039784885220840886
-1.117338020677351e-07   1.2744086500504469e-08   0.006003259889939714   -0.35510795703123343
9.555467547941792e-08    -3.4237446458414644e-10  0.007517483190420908   -0.005202951561992666
1.1595055775303091e-07   6.298638547783675e-09    0.009884709377442862   0.06717893657463261
-6.941557519826456e-08   -2.001938490939671e-09   0.006054290719982508   0.03407395297344137
-1.2563329971055227e-07  -3.9888103055001655e-09  0.007126852543237919   0.0886735324042716
5.00457831533751e-08     1.0920503330889231e-08   0.008450853835710762   0.06877813115335461
8.080715073133308e-08    4.8786193784183e-09      0.009377872831771347   0.0402883478320108
-1.4062875569432526e-07  -1.3327289491958624e-08  0.008481116906589883   0.23418079293968214
-8.478926917568158e-08   1.025662811170763e-08    0.009532846920806972   -0.08600855846175787
-1.4823405207376173e-07  1.3368362030450425e-08   0.008482269961388369   -0.2475388699192334
-1.1187989974434903e-07  -1.425317616797996e-08   0.00873743854873493    0.1877313740974601
-5.903611169431666e-09   1.3191852782713193e-08   0.006108310584149589   -0.01875956335538588
3.643555846210764e-08    -3.5115076953325843e-09  0.00521565462530972    -0.042271028101140265
-3.622167041226448e-08   7.159740657445606e-09    0.007748374932136802   -0.03882271620508945
9.92856919198171e-08     9.160619110501633e-09    0.008142687535160575   0.12328702121172593
-1.207524365288751e-07   5.38460589037335e-09     0.009677542517163356   -0.062396618549470026
1.3791280215239885e-07   1.0853076249987002e-08   0.009304245190041898   0.1553948243050172
-1.2457666906964052e-07  5.758110681582864e-09    0.008067785734171095   -0.09904884553017942
-1.904439569227001e-09   -1.1467451421773928e-08  0.007881476856231372   0.0031598051481945915
1.0833610877483188e-07   -1.1040277093356222e-08  0.0076441820199903985  -0.1839638850839059
1.196151040955252e-07    -9.169134448306147e-09   0.0071671274749633826  -0.19189581864778626
-9.247137033503135e-08   -1.389195560224834e-09   0.00779248459576469    0.01901341735841913
2.9482582143053425e-08   9.311959472012674e-09    0.009944907141402065   0.024948620436005948
2.965740134839989e-09    1.033399383493077e-08    0.00835664870389995    0.003944376904642125
-1.1369967297024863e-07  -1.4578633700690243e-08  0.007621980346144183   0.25643765487425446
8.112297052304953e-08    -7.84143062887507e-09    0.006031507650200325   -0.15715521237901192
1.2728139399406925e-07   -5.0454234454775794e-09  0.005329144804907616   -0.20323051038641757
-5.6905349147557257e-08  -2.2817377919804117e-09  0.008698563160603806   0.015422869773408105
9.27801876852937e-08     4.656251430635139e-10    0.008428185415205992   0.005465940675873357
-1.406120599563332e-07   9.352254885549386e-09    0.009747881456579137   -0.12438265794889049
-5.434917672433057e-08   -1.0481486519554602e-08  0.007096561804628084   0.10166261513760406
-4.5709500119392255e-08  1.1181360584072101e-08   0.009197151419677606   -0.054304504800427214
8.534280095717356e-08    1.294593957682994e-08    0.006517252791499357   0.23378289945497024
-4.609297334581268e-08   -8.504897110677235e-09   0.007984593053278744   0.05526365711414998
-1.7090518053910053e-08  1.2904469077359613e-08   0.008540706316755426   -0.027173726381720192
9.458963363773667e-08    -6.928013801327897e-09   0.00578890121341541    -0.1757524616820016
-1.3714340927306256e-07  1.2422072666214164e-08   0.00914993675952305    -0.1828833751691886
-6.630309340147717e-08   -1.4747625059101974e-08  0.0062121378364790765  0.22772731099971102
-1.317005133115573e-07   -3.258350191308589e-09   0.006473001880166697   0.0920481714739187
7.660113081673284e-08    -2.065289177633768e-09   0.008642992987042545   -0.01903395924458771
-8.219761523039147e-09   -6.866481900625897e-09   0.00897531962096973    0.006297019772329986
-3.7270576456198334e-08  -8.935635198110123e-09   0.007997788296371933   0.04679431972743454
-5.041026457128116e-08   -7.138177794655974e-09   0.009886485234062072   0.033087495841872726
-1.0345996970960314e-08  1.1715403753038989e-08   0.00853089677155843    -0.014968615745733714
7.133662424894661e-08    -2.87777072035873e-10    0.007253607558667268   -0.003506727661747993
4.766878964371485e-08    -1.4163897641900469e-09  0.0076149882862082225  -0.010464532505577018
-1.1090518926379996e-07  6.6552751503891e-09      0.005867734555733919   -0.19267189579915442
-3.784600385040533e-08   3.014942886573526e-09    0.00922806623913334    -0.012042568306990189
-2.8576629560427047e-08  1.3385186544629342e-08   0.007800983091588134   -0.05649085737659799
1.2902895413548512e-07   -1.1241943219247427e-08  0.006211599438190298   -0.33788046761676227
-1.1808342850063521e-07  -9.559004889548169e-09   0.006542174556446059   0.237027528828156
-6.467572522579499e-08   1.2966657528605952e-08   0.005652088397758176   -0.23593526694113545
9.794874533728324e-08    -1.3088183898808552e-08  0.007705012054395142   -0.19407653372621111
1.1172181876335031e-07   1.1017073011723749e-08   0.008938585848320118   0.13845479459558827
8.05680237495505e-08     -1.0749209609081204e-08  0.007202731238181612   -0.15003280505192068
-8.43931936925687e-08    -1.3834517620399112e-08  0.006446503942688851   0.2525017218005673
-1.1432626008159854e-07  6.943527022130222e-09    0.006204360504534547   -0.1853418457707544
1.387049513703473e-07    5.949655180470844e-09    0.005904768618193012   0.21272542426862462
-1.3305988329754928e-07  6.257674507826116e-10    0.0069603417062042115  -0.015446866449711955
4.700014675605136e-08    1.123737248865686e-09    0.0060394007807951225  0.013014206553682819
4.426715290158736e-08    2.0320179697925766e-09   0.009566213471410548   0.008834264642982472
-1.242556309642831e-07   -2.319643210359219e-09   0.006400538632167578   0.06323326820628354
8.986276705972068e-08    1.3312513212557665e-09   0.0075457038440258535  0.018883466990487277
1.4315853881077134e-07   9.560231533461726e-09    0.00870637697008253    0.16227519461179943
1.471504499504031e-07    -1.2934560585847104e-08  0.0075795770293586645  -0.2977588908320644
3.3746885822114976e-08   5.3415887408651976e-09   0.00699515893915032    0.033109329253461585
3.9654630713628045e-08   7.913108226602328e-09    0.009416382705851148   0.03180637825281456
-3.3924560478533335e-08  -5.506313017935182e-09   0.009458764946061802   0.018764960973061705
-1.325441126168668e-07   -3.07386133981189e-10    0.0098701944973107     0.0037586743416803967
-1.0841011021885349e-07  2.4061144793498648e-09   0.006598425830133899   -0.05384517588541021
1.3285116001907647e-08   -1.9343992062684988e-09  0.0061987385340120365  -0.0060109930573533235
-4.078283630509316e-09   -1.5680908361133917e-09  0.008143948333323967   0.0008666026835735469
1.0060151551721763e-07   5.788551830367443e-09    0.009934002426574842   0.05303558115255167
8.537377808923997e-08    -4.614968828818246e-09   0.0062403501522102     -0.09093200368544956
-1.2773168580272994e-07  1.2577378599765639e-08   0.006460336876625871   -0.3459551931114787
-8.586316931731482e-08   -1.8352495447582219e-10  0.009095304155569943   0.0017120206241667065
-1.4974595334964748e-07  1.117909642866166e-08    0.0056722746826119285  -0.46761528255010526
9.620634599366821e-08    8.610680568043815e-09    0.005144729990764854   0.281292032477131
7.597875481532145e-09    7.983543699287689e-09    0.007183423854746523   0.010564922111646016
-7.21020880579445e-08    -5.0891516413802855e-09  0.0055209281672291876  0.10819581101261853
-9.333693538881719e-08   4.33331059311437e-11     0.007413998362208096   -0.0006613171574142323
1.058915830705076e-09    -7.468962394297311e-09   0.007476873020382796   -0.0012715197483748404
-6.372125866708523e-08   -8.142379304140955e-09   0.006392440904614862   0.1141152373157816
6.793795912641681e-08    2.009089890949839e-09    0.008986808428424012   0.015189458898605866
-4.798950467582497e-09   4.1773286999340246e-09   0.007866366335706075   -0.00291164208512794
4.751722235246002e-08    -2.6457876395830373e-09  0.00837435123447915    -0.016111838170306404
-1.3250911097354066e-08  1.3954028857891e-09      0.006417674731066646   -0.004034886841587454
3.337140446769986e-08    4.260975595780375e-09    0.008214758012916075   0.018938055645555108
4.063016185729102e-08    2.8197963323713106e-09   0.006732314457133711   0.02271846130040885
1.4805349940130972e-07   1.4767175026790671e-08   0.0067907626103017385  0.4261087062001569
1.3380180870965973e-07   1.77037377624905e-09     0.006757756651554959   0.04661903300164377
-1.1779334521098619e-07  -9.540072384374642e-09   0.005627912480555447   0.3188740378567225
-1.3227152281309546e-07  6.976052535410916e-09    0.008955325709088375   -0.10340814087638736
-7.097328686583282e-08   9.62839730222817e-09     0.005236036975022978   -0.22401903268264353
1.574063936441068e-08    -1.0457007342269189e-08  0.007631376689041493   -0.02540185342449719
4.10488193100459e-08     -1.1735864910892012e-08  0.0051587863548025     -0.1626904622070448
-1.24912149774851e-07    -1.453332975935537e-08   0.007205680327989154   0.3142398321693215
6.397901911326232e-08    2.3184563665103463e-09   0.0074750860566350635  0.023858630801594994
-1.339975020334097e-07   3.1742278493764533e-09   0.00881536410378183    -0.049192137786709486
1.2124206005246363e-07   -1.4192181335798407e-08  0.006135375473252975   -0.4108294545152867
9.593021379351288e-08    9.755052456876167e-10    0.007929027128064554   0.013377859179752314
-1.4959602034257658e-07  6.364806783714331e-09    0.005398470668416881   -0.2936332138722405
-1.0477686973706633e-07  -6.288397670353551e-09   0.009988069419787938   0.0593586095810049
1.1870925895877801e-07   1.0755468027462824e-08   0.006477647229708592   0.27347695018263846
-1.428477621708627e-07   -1.052478222520031e-08   0.00765260145450787    0.23073303232745826
-2.6142930908671113e-08  -1.4197198739045144e-08  0.008447853168347164   0.046741821163697225
-1.3040450517573746e-07  3.8690497700906156e-10   0.006576442351722723   -0.010484706627944913
9.79391789165859e-08     7.281499254181364e-09    0.00948608733664072    0.07122696455082174
2.440259039247803e-08    9.543456669619638e-09    0.007488003871752011   0.03732939245159279
4.6355744527845495e-08   9.968434451453201e-09    0.009244475200560515   0.04859676956633291
-8.849228211833308e-08   1.3810214769540688e-08   0.009841188502300422   -0.11341020429732396
-1.493503092998849e-07   -5.124214487719401e-09   0.008510875274587212   0.09495686771077791
-3.538507017410939e-08   -2.074022066738901e-09   0.006020057240763099   0.018200092644937448
1.0868873617379115e-07   -1.0845562488201082e-08  0.008509501102583432   -0.14630859105033647
1.2793418532809784e-07   -1.4913594017282546e-08  0.009665434183579206   -0.183555581406378
1.6271403378980997e-08   4.465997402912902e-10    0.008462287014645492   0.000912030540747181
-1.3735269477005732e-07  2.934422963413177e-09    0.006539169223951329   -0.08471418758647761
-4.938508377678683e-08   -6.838498436593931e-10   0.007159656572539988   0.005921252361247559
-4.185976623721129e-08   -1.7564036506686432e-09  0.005823172707014113   0.019486919639875373
1.3512411069064212e-07   -1.6359663331312002e-10  0.005496447875976013   -0.006576341980695099
2.6646610807657987e-08   -1.4159183992115062e-08  0.008268292695693433   -0.04960094215182745
-4.756388654161203e-09   1.2385642159802552e-08   0.009884296627313395   -0.005419331640341496
8.108818542143472e-08    6.074468654013677e-09    0.00669606413343286    0.09873430516478679
1.3159786719184977e-07   -1.170430696412762e-09   0.008999126526095145   -0.01709366719537173
-6.911431992732787e-08   -1.3546816450589319e-08  0.0057078027685618805  0.2582907039970012
-1.5482853085138969e-09  8.423332589112548e-09    0.007947300971195413   -0.0018558250258071472
5.586665945419633e-08    9.327699354584293e-09    0.005941472947120639   0.13267234372658462
3.88152541456264e-08     6.800064290886248e-09    0.005888412042436111   0.06841644035648674
7.79186589562363e-08     -1.4295066004453183e-08  0.005500799624197479   -0.33083952586320636
2.7762041952862637e-08   -8.567801338147241e-10   0.007246474884969174   -0.004071070445991331
-3.558662286641989e-08   -1.4241670380979313e-08  0.007548234542687961   0.07994629453359776
1.2403523140646269e-07   8.718334799255941e-09    0.009006091554425544   0.11982496057130299
-1.358503921684556e-07   9.045190677473647e-09    0.009018835203009126   -0.13577478580558644
-3.815566920808487e-08   1.339029054715953e-08    0.009305677487090876   -0.05302668625375175
-1.4436832546459628e-07  1.3258840227665923e-08   0.007990792073171903   -0.26942581312764147
1.842027079923284e-08    -3.1185160718432258e-09  0.008436261639313356   -0.007254129805197448
8.275652643323458e-08    6.622885666155125e-09    0.005518319984138395   0.1617622420999711
-1.0518299970196034e-07  -1.9981257790870786e-09  0.009137337778387229   0.022624053645107174
-1.0183107933897388e-07  -4.355281741462457e-09   0.008370724526844585   0.056886852836366006
-8.10042447477055e-08    1.4585147402792562e-08   0.0052221402419191714  -0.38937040996729755
5.900254455513496e-08    8.556625576979116e-11    0.006788786451995129   0.000984533233503738
6.785843380666656e-09    4.371298540176725e-09    0.005394280475945479   0.009161965624942882
4.0478004438069765e-08   5.995064868770001e-09    0.005319896544592273   0.07706337286661408
7.129651158668009e-08    -1.4041895026073481e-08  0.009106891411802863   -0.10849134488153928
6.167645553750486e-08    -6.552487408097527e-09   0.00872403187433245    -0.04772352574768802
-3.126761856974715e-08   2.9602594779587267e-09   0.007094057651485041   -0.016530141252402628
-3.578011564972758e-08   1.4689872120850452e-08   0.00503743176291188    -0.18615847336511224
1.2803286658508039e-08   -1.0201789305801348e-08  0.006589693576544109   -0.027033905097385128
-3.33094554772969e-08    5.597674521479524e-09    0.009027522495202783   -0.02056266609605769
7.638119707735658e-08    -1.3277121679213722e-08  0.008917202278868304   -0.11462373752262049
-5.643443969583838e-08   -1.3572284153305905e-08  0.00905584260140763    0.08394229451951099
6.481929444004327e-08    9.951327419678893e-09    0.009928021632431892   0.05881678633764859
-1.1397769466426426e-07  -1.0826588219333151e-08  0.006637439250306082   0.25173973770349684
-6.695598785560816e-08   2.2560060510258052e-09   0.006896125812600717   -0.028547017147651038
1.383053391578058e-07    1.0742131605155136e-09   0.0079106889244686     0.021337434798959453
-4.6025059371514566e-08  9.518581796323409e-09    0.008620344626164013   -0.05298570934235801
1.4042605179543537e-07   5.562290145985628e-09    0.008611657429326017   0.09466059722251627
4.766055733089741e-08    -8.699359831139986e-09   0.008780217545712777   -0.04833672975311649
4.36573833816422e-08     -1.3732022017581294e-08  0.008893161626762291   -0.06812730808833244
2.183448822166105e-08    6.871605134461266e-09    0.0066665110145340736  0.03034208471528982
-6.666202309139772e-08   6.758315311374542e-09    0.0084211944037169     -0.057096693598096895
1.48760990767299e-07     1.8941949089587105e-09   0.005711036710437083   0.07764709812461229
-7.460183204416922e-08   -5.220909068134591e-09   0.0072892825544405015  0.06588210364652905
2.4039968847076975e-08   -9.117900179551509e-09   0.008272292546947094   -0.02878845582827192
8.361516103811176e-08    -1.147647114928157e-08   0.00778399285499836    -0.14234097903897633
7.27110800557761e-08     -1.134662422931183e-08   0.006153460615266521   -0.19582576133377275
-4.189612771301355e-08   3.085907063653178e-09    0.005566090934823511   -0.03750572275017543
2.1802087370742817e-08   7.197922017739871e-09    0.005011954774715308   0.056147746703200864
7.456452030453246e-08    -1.7742511094415815e-09  0.008207982804506972   -0.017648826915838176
-9.294780381104632e-08   5.789325337242182e-09    0.00924291224446216    -0.056609697631346594
-6.752829493445374e-08   9.421648994524158e-09    0.005779049492664522   -0.17121479214723012
-9.728620886779398e-08   1.0461291040701053e-08   0.008662901537619045   -0.12188526727936454
-4.259879420880998e-08   -3.1830148395311166e-09  0.005756483252226946   0.036775864003829394
1.1450857589316587e-07   3.98442599342012e-09     0.005297005419311613   0.14614513061928874
-9.966611798825775e-08   4.4322927529908504e-09   0.009542471887066363   -0.0436009154994549
1.3928484063137152e-07   1.2352365099175163e-08   0.007064024365504634   0.3098781826062233
-2.269826390395687e-08   1.0365907469014617e-08   0.007892317958043162   -0.03394940977144919
6.35178493591847e-08     5.853263276486047e-09    0.008029778965305259   0.05182365847044594
-3.44349274459974e-08    1.2129995458456403e-08   0.00898706364398319    -0.046479942498620745
1.446462422719931e-07    2.33195368898137e-10     0.007877738194022581   0.004885009314298319
-1.1500120801204405e-07  -6.712934601739463e-09   0.005700917004515234   0.21348471585299078
-4.420887117342614e-08   -9.128862269167002e-09   0.0072261923193231515  0.06946218735588956
1.498932079428532e-07    1.150621226823592e-08    0.008305600112851056   0.22470550239276288
1.0387931909413838e-08   -1.2286496431557965e-08  0.00790087081054855    -0.0183759008145177
3.804745317415948e-08    -2.511806543035968e-09   0.005475295750148635   -0.028650883534390083
