0.3745401188473625,0.18513292883861965,2.0
0.9507143064099162,0.5419009473783581,1.0
0.7319939418114051,0.8729458358764083,1.0
0.5986584841970366,0.7322248864095612,1.0
0.15601864044243652,0.8065611478614497,0.0
0.15599452033620265,0.6587833667107174,0.0
0.05808361216819946,0.6922765645178525,0.0
0.8661761457749352,0.8491956515653193,1.0
0.6011150117432088,0.24966800885918594,2.0
0.7080725777960455,0.4894249636431405,1.0
0.020584494295802447,0.22120944181960223,0.0
0.9699098521619943,0.987668007996647,1.0
0.8324426408004217,0.9440593396866133,1.0
0.21233911067827616,0.0394268113685059,0.0
0.18182496720710062,0.7055751725156885,0.0
0.18340450985343382,0.9252483174156658,0.0
0.3042422429595377,0.18057534512733353,0.0
0.5247564316322378,0.5679452305526295,2.0
0.43194501864211576,0.9154882975880418,1.0
0.2912291401980419,0.03394597858579884,0.0
0.6118528947223795,0.6974202672468399,1.0
0.13949386065204183,0.29734900737255077,0.0
0.29214464853521815,0.9243961953765304,0.0
0.3663618432936917,0.9710582451653678,1.0
0.45606998421703593,0.9442664891134339,2.0
0.7851759613930136,0.47421421665746377,1.0
0.19967378215835974,0.8620426509893134,0.0
0.5142344384136116,0.8445493985350704,2.0
0.5924145688620425,0.31910047324325563,2.0
0.046450412719997725,0.8289154741506773,0.0
0.6075448519014384,0.03700763471549262,2.0
0.17052412368729153,0.596269878482053,0.0
0.06505159298527952,0.23000883728770305,0.0
0.9488855372533332,0.12056688577727881,1.0
0.9656320330745594,0.07695320162920916,1.0
0.8083973481164611,0.6962887758781398,1.0
0.3046137691733707,0.33987496376806614,0.0
0.09767211400638387,0.7247667715287615,0.0
0.6842330265121569,0.06535634079894237,2.0
0.4401524937396013,0.31529033783061033,2.0
0.12203823484477883,0.5394912923753372,0.0
0.4951769101112702,0.7907231648389635,1.0
0.034388521115218396,0.3187525029320699,0.0
0.9093204020787821,0.6258913764370091,1.0
0.2587799816000169,0.8859777482361871,0.0
0.662522284353982,0.6158631881823046,1.0
0.31171107608941095,0.23295947475363377,0.0
0.5200680211778108,0.02440078155653802,2.0
0.5467102793432796,0.8700988739009299,1.0
0.18485445552552704,0.021269410850387138,0.0
0.9695846277645586,0.8747016726841994,1.0
0.7751328233611146,0.528937134027212,1.0
0.9394989415641891,0.9390676985128962,1.0
0.8948273504276488,0.7987832357736654,1.0
0.5978999788110851,0.9979341105333375,1.0
0.9218742350231168,0.35071181545171015,1.0
0.0884925020519195,0.7671882889311269,0.0
0.1959828624191452,0.40193091360924216,0.0
0.045227288910538066,0.47987562030390885,0.0
0.32533033076326434,0.6275054632183701,0.0
0.388677289689482,0.8736771141863388,2.0
0.2713490317738959,0.9840834691992951,0.0
0.8287375091519293,0.7682734138645182,1.0
0.3567533266935893,0.41776678216733376,2.0
0.28093450968738076,0.4213570022770702,0.0
0.5426960831582485,0.7375823015888915,1.0
0.14092422497476265,0.23877714576830233,0.0
0.8021969807540397,0.11047411313139466,2.0
0.07455064367977082,0.35462215764077654,0.0
0.9868869366005173,0.28723899165408173,1.0
0.7722447692966574,0.2963081204559901,2.0
0.1987156815341724,0.23360775104990994,0.0
0.005522117123602399,0.04209318963636188,0.0
0.8154614284548342,0.01787393473341381,2.0
0.7068573438476171,0.9877223897360315,1.0
0.7290071680409873,0.42777313373586234,2.0
0.7712703466859457,0.3843266471596817,1.0
0.07404465173409036,0.6796472826930698,0.0
0.3584657285442726,0.21825388786506417,2.0
0.11586905952512971,0.9499611839502253,0.0
0.8631034258755935,0.786345014415552,1.0
0.6232981268275579,0.08941100231225951,2.0
0.3308980248526492,0.41758077578492836,0.0
0.06355835028602363,0.8791183075621647,0.0
0.3109823217156622,0.9447320222914103,0.0
0.32518332202674705,0.4674015112498697,1.0
0.7296061783380641,0.6134113892107077,1.0
0.6375574713552131,0.16703394609207523,2.0
0.8872127425763265,0.9911686261369765,1.0
0.4722149251619493,0.2316717013834434,2.0
0.1195942459383017,0.9427317741351257,0.0
0.713244787222995,0.6496466489923685,1.0
0.7607850486168974,0.6077367948788591,1.0
0.5612771975694962,0.5126885110165086,2.0
0.770967179954561,0.2306698117177587,2.0
0.49379559636439074,0.17652803200550826,2.0
0.5227328293819941,0.22048620907017535,2.0
0.42754101835854963,0.18643826214425452,2.0
0.02541912674409519,0.7795844735667533,0.0
0.10789142699330445,0.3501252591667301,0.0
0.03142918568673425,0.05784267656339637,0.0
0.6364104112637804,0.9691026301408113,1.0
0.3143559810763267,0.8837858849634257,0.0
0.5085706911647028,0.927752283195213,1.0
0.907566473926093,0.9949078226464353,1.0
0.24929222914887494,0.1738952492194873,0.0
0.41038292303562973,0.39624201890265875,2.0
0.7555511385430487,0.7582384757040913,1.0
0.22879816549162246,0.6960206180537922,0.0
0.07697990982879299,0.15389590633985506,0.0
0.289751452913768,0.8158331249906178,0.0
0.16122128725400442,0.22444057183666066,0.0
0.9296976523425731,0.22381761482262308,1.0
0.808120379564417,0.5369744228934136,1.0
0.6334037565104235,0.5929399348417032,2.0
0.8714605901877177,0.5800862078378112,1.0
0.8036720768991145,0.09148683739775487,2.0
0.18657005888603584,0.8774608626303804,0.0
0.8925589984899778,0.26560004258870606,1.0
0.5393422419156507,0.12951492128280417,2.0
0.8074401551640625,0.8887480798689772,1.0
0.8960912999234932,0.9556514982297534,1.0
0.3180034749718639,0.8621276172654506,1.0
0.11005192452767676,0.8095160747248781,0.0
0.22793516254194168,0.6552419806390217,0.0
0.4271077886262563,0.5508573706091393,2.0
0.8180147659224931,0.08698675991141014,2.0
0.8607305832563434,0.4084532130706987,1.0
0.006952130531190703,0.372688517012314,0.0
0.5107473025775657,0.2597537837603262,2.0
0.417411003148779,0.7234201136885849,2.0
0.22210781047073025,0.4958757350787708,0.0
0.1198653673336828,0.08104621590764793,0.0
0.33761517140362796,0.22018320194981134,2.0
0.9429097039125192,0.6832587636595959,1.0
0.32320293202075523,0.07613085949030018,0.0
0.5187906217433661,0.8512069140487687,1.0
0.7030189588951778,0.4951465270139743,2.0
0.363629602379294,0.480586577326648,2.0
0.9717820827209607,0.5924077846595176,1.0
0.9624472949421112,0.8246809659251492,1.0
0.25178229582536416,0.34780920790219305,0.0
0.49724850589238545,0.6780161525590636,2.0
0.30087830981676966,0.5657319639957911,1.0
0.2848404943774676,0.2670282701694213,0.0
0.036886947354532795,0.878629986355158,0.0
0.6095643339798968,0.7974260216069281,1.0
0.5026790232288615,0.6584518346584255,2.0
0.05147875124998935,0.8505817290942419,0.0
0.27864646423661144,0.8672942009598024,0.0
0.9082658859666537,0.7083629767150348,1.0
0.23956189066697242,0.837013328363672,0.0
0.1448948720912231,0.6974714616692836,0.0
0.489452760277563,0.6801407717603004,2.0
0.9856504541106007,0.6186113782151843,1.0
0.2420552715115004,0.7527166395576412,1.0
0.6721355474058786,0.1586051052930737,2.0
0.7616196153287176,0.8808707591989284,1.0
0.23763754399239967,0.871843527745232,0.0
0.7282163486118596,0.029247283034559146,2.0
0.3677831327192532,0.8258167505647627,2.0
0.6323058305935795,0.1288698674734452,2.0
0.6335297107608947,0.3351188542591419,2.0
0.5357746840747585,0.7435082562916078,1.0
0.0902897700544083,0.1607598960483082,0.0
0.835302495589238,0.8179670241190622,1.0
0.32078006497173583,0.8321341779577419,1.0
0.18651851039985423,0.5074677337608362,0.0
0.040775141554763916,0.00638587171683358,0.0
0.5908929431882418,0.2870381331749128,2.0
0.6775643618422824,0.6169269183757422,1.0
0.016587828927856152,0.9811861780274235,0.0
0.512093058299281,0.6318135270166684,2.0
0.22649577519793795,0.2598035810641598,0.0
0.6451727904094499,0.6340057030996114,1.0
0.17436642900499144,0.5399853797158555,0.0
0.690937738102466,0.7798453951511436,1.0
0.3867353463005374,0.10698063882695841,2.0
0.9367299887367345,0.761027902502028,1.0
0.13752094414599325,0.5412665786761103,0.0
0.3410663510502585,0.9629920038589946,2.0
0.11347352124058907,0.3418721660386861,0.0
0.9246936182785628,0.6326218931339481,1.0
0.877339353380981,0.9320281055100175,1.0
0.2579416277151556,0.10250972799067926,0.0
0.659984046034179,0.9372284872364511,1.0
0.8172222002012158,0.6878857223008134,1.0
0.5552008115994623,0.0678370591051719,2.0
0.5296505783560065,0.30096356694681625,2.0
0.24185229090045168,0.7081720886452816,0.0
0.09310276780589921,0.0673506014687717,0.0
0.8972157579533268,0.5821704601762733,1.0
0.9004180571633305,0.34588305695295674,1.0
0.6331014572732679,0.6209155177674771,1.0
0.3390297910487007,0.04574203381251285,2.0
0.3492095746126609,0.8715368061523763,1.0
0.7259556788702394,0.9734889691773969,1.0
0.8971102599525771,0.9688778552856915,1.0
0.8870864242651173,0.7496518317429247,1.0
0.7798755458576239,0.13008624013063197,2.0
0.6420316461542878,0.7582631959290226,1.0
0.08413996499504883,0.02458691645880151,0.0
0.16162871409461377,0.022123551528997254,0.0
0.8985541885270792,0.32361021914954125,1.0
0.6064290596595899,0.48864319040466575,2.0
0.009197051616629648,0.7704074178077932,0.0
0.1014715428660321,0.6832953766065052,0.0
0.6635017691080558,0.44590270637674834,2.0
0.005061583846218687,0.2736266662816659,0.0
0.16080805141749865,0.9971245001577111,0.0
0.5487337893665861,0.42618130223597295,2.0
0.6918951976926933,0.4513870243296755,1.0
0.6519612595026005,0.16362382119166918,2.0
0.22426930946055978,0.7948095487499294,0.0
0.7121792213475359,0.6936822257814886,1.0
0.23724908749680007,0.2207696127887604,0.0
0.3253996981592677,0.0823810456158427,0.0
0.7464914051180241,0.6804993020747131,1.0
0.6496328990472147,0.6545112142811352,1.0
0.8492234104941779,0.2732595269982093,1.0
0.6576128923003434,0.9508635622504104,1.0
0.5683086033354716,0.15105789178090023,2.0
0.09367476782809248,0.4323348010426019,0.0
0.3677158030594335,0.9436159201675989,0.0
0.26520236768172545,0.4197273169261223,0.0
0.24398964337908358,0.6385259476640855,0.0
0.9730105547524456,0.3975943979627943,1.0
0.3930977246667604,0.27421520234867003,2.0
0.8920465551771133,0.9839776479598282,1.0
0.6311386259972629,0.409334006315043,2.0
0.7948113035416484,0.8940992036791344,1.0
0.5026370931051921,0.22995460589108618,2.0
0.5769038846263591,0.2131047040250833,2.0
0.4925176938188639,0.03113408288451136,2.0
0.1952429877980445,0.651666825375885,0.0
0.7224521152615053,0.36852634372376114,1.0
0.2807723624408558,0.864358249839637,0.0
0.02431596643145384,0.47320990669155716,0.0
0.6454722959071678,0.9681934279147217,1.0
0.17711067940704894,0.18552551570312115,0.0
0.9404585843529143,0.8686231679556108,1.0
0.9539285770025874,0.7765968527917417,1.0
0.9148643902204485,0.770921844644052,1.0
0.3701587002554444,0.8447832281168877,2.0
0.015456616528867428,0.7610239909429989,0.0
0.9283185625877254,0.6262203216314154,1.0
0.42818414831731433,0.13124487768238757,2.0
0.9666548190436696,0.032526179491251916,2.0
0.9636199770892528,0.9208478478156868,1.0
0.8530094554673601,0.616650314520738,1.0
0.2944488920695857,0.7965372909761763,0.0
0.38509772860192526,0.4815223515125501,2.0
0.8511366715168569,0.11730818896239448,2.0
0.31692200515627766,0.12518579220255044,0.0
0.1694927466860925,0.6855652872289714,0.0
0.5568012624583502,0.4303058948994627,2.0
0.936154774160781,0.20052472670033672,1.0
0.696029796674973,0.4915945467414369,1.0
0.570061170089365,0.06420893707513409,2.0
0.09717649377076854,0.5819714019143988,0.0
0.6150072266991697,0.26899340443509767,2.0
0.9900538501042633,0.7975591006371882,1.0
0.14008401523652403,0.31036195892357377,0.0
0.5183296523637367,0.4552201490818012,2.0
0.8773730719279554,0.011620539908100636,2.0
0.7407686177542044,0.07244688779455888,2.0
0.697015740995268,0.3924935564066848,2.0
0.7024840839871093,0.4799388347171235,1.0
0.35949115121975517,0.6000205481193037,2.0
0.29359184426449336,0.29166257870930323,0.0
0.8093611554785136,0.6949818861265425,1.0
0.8101133946791808,0.8601223971892046,1.0
0.8670723185801037,0.7798509888933498,1.0
0.9132405525564713,0.039618825348357145,2.0
0.5113423988609378,0.48050694725782894,2.0
0.5015162946871996,0.10493017841817487,2.0
0.7982951789667752,0.24204501586252747,2.0
0.6499639307777652,0.9866625932671464,1.0
0.7019668772577033,0.14249554290151323,2.0
0.795792669436101,0.49888815345135606,1.0
0.8900053418175663,0.6181557343181191,1.0
0.3379951568515358,0.702464970544104,2.0
0.375582952639944,0.5596486834869141,2.0
0.093981939840869,0.00977084741918366,0.0
0.578280140996174,0.3264613082439919,2.0
0.035942273796742086,0.5177116433847114,0.0
0.46559801813246016,0.08786649914483335,2.0
0.5426446347075766,0.35062693120918076,2.0
0.2865412521282844,0.033203108791366565,0.0
0.5908332605690108,0.07857849715502074,2.0
0.03050024993904943,0.39692327620159606,0.0
0.03734818874921442,0.13271575404306035,0.0
0.8226005606596583,0.5675408482615582,1.0
0.3601906414112629,0.6894649691372657,2.0
0.12706051265188478,0.8005866991090829,0.0
0.5222432600548044,0.2001502442448101,2.0
0.7699935530986108,0.16748258225906976,2.0
0.21582102749684318,0.10456784033440025,0.0
0.6228904758190003,0.6364302495436367,1.0
0.085347464993768,0.7064757264869012,0.0
0.0516817211686077,0.03158614482564204,0.0
0.531354631568148,0.9362122462436898,1.0
0.5406351216101065,0.05197128365147241,2.0
0.6374299014982066,0.5412963353010705,1.0
0.7260913337226615,0.7090605194509164,1.0
0.9758520794625346,0.8709691237460856,1.0
0.5163003483011953,0.7140869321324278,2.0
0.32295647294124596,0.8017280830697918,1.0
0.7951861947687037,0.33945019254280606,1.0
0.2708322512620742,0.8148251137465122,0.0
0.4389714207056361,0.08011484638467514,2.0
0.07845638134226596,0.8948166560605276,0.0
0.02535074341545751,0.5475923761537362,0.0
0.9626484146779251,0.8172977699624937,1.0
0.8359801205122058,0.45231828451830014,1.0
0.695974206093698,0.643577695196525,1.0
0.4089529444142699,0.5264026609361132,2.0
0.17329432007084578,0.7315895217553319,0.0
0.15643704267108605,0.08162998203058958,0.0
0.25024289816459533,0.0603520839905638,0.0
0.5492266647061205,0.24710323401014644,2.0
0.7145959227000623,0.15954468011318834,2.0
0.6601973767177313,0.8717835665922017,1.0
0.27993389694594284,0.21921398735804432,1.0
0.9548652806631941,0.9758652558191313,1.0
0.7378969166957685,0.33689579177110685,1.0
0.5543540525114007,0.18211791568869928,2.0
0.6117207462343522,0.7896985071424791,1.0
0.4196000624277899,0.6587077755008761,1.0
0.24773098950115746,0.498195716453139,0.0
0.3559726786512616,0.5553635509376312,2.0
0.7578461104643691,0.7192017782722638,1.0
0.014393488629755868,0.22845474133129873,0.0
0.11607264050691624,0.9963339160567419,0.0
0.04600264202175275,0.9747931621467831,0.0
0.040728802318970136,0.6503256863469369,0.0
0.8554605840110072,0.19954245092914513,1.0
0.7036578593800237,0.6802282424312913,1.0
0.4741738290873252,0.07219840897917584,2.0
0.09783416065100148,0.030652502205806065,0.0
0.49161587511683236,0.2576828885112137,2.0
0.4734717707805657,0.4626229567393163,2.0
0.17320186991001518,0.8682725054083805,0.0
0.43385164923797304,0.727169069766308,2.0
0.39850473439737344,0.742706521199981,1.0
0.6158500980522165,0.42549333444807536,2.0
0.6350936508676438,0.3459349925469629,2.0
0.04530400977204452,0.3710387629846027,0.0
0.3746126146264712,0.9876495637360578,1.0
0.6258599157142364,0.04010919141248248,2.0
0.5031362585800877,0.8670314961224486,1.0
0.8564898411883223,0.5786754085723934,1.0
0.658693631618945,0.43861541918959046,1.0
0.1629344270814297,0.7252576604151365,0.0
0.07056874740042984,0.48666894142470285,0.0
0.6424192782063156,0.8734232380816606,1.0
0.026511310541621813,0.9007018640112585,0.0
0.5857755812734633,0.4217209268734554,2.0
0.9402302414249576,0.2768277972350516,1.0
0.575474177875879,0.5923503285933622,2.0
0.3881699262065219,0.912363345616691,1.0
0.6432882184423532,0.21066218900566658,2.0
0.45825289049151663,0.6229665835634828,2.0
0.5456167893159349,0.6315602200925206,2.0
0.9414648087765252,0.733113022415281,1.0
0.38610263780077425,0.1315676851272598,2.0
0.9611905638239142,0.7158249646820886,1.0
0.9053506419560637,0.909032520665641,1.0
0.19579113478929644,0.17968310887024197,0.0
0.06936130087516545,0.23754332492387764,0.0
0.10077800137742665,0.9713950940416396,0.0
0.018221825651549728,0.18097695270948977,0.0
0.0944429607559284,0.8543850933695791,0.0
0.6830067734163568,0.4922778564480348,2.0
0.07118864846022899,0.24723107440317704,0.0
0.3189756302937613,0.8707499012725114,0.0
0.8448753109694546,0.4453052550026655,1.0
0.023271935735825866,0.5148173539296902,0.0
0.8144684825889358,0.3592333693997657,2.0
0.28185477477339993,0.5929508514349274,0.0
0.11816482762165625,0.16352387258502277,0.0
0.6967371653641506,0.3910815366517607,2.0
0.628942846779884,0.9694123223352875,1.0
0.877472013527053,0.25813343270112754,2.0
0.7350710438038858,0.6567366645412922,1.0
0.8034809303848486,0.3251900642246949,1.0
0.2820345725713065,0.7734731256866006,1.0
0.17743954377972282,0.13087366071834983,0.0
0.7506147516408583,0.9698210450785447,1.0
0.806834739267264,0.45378954138363925,1.0
0.9905051420006733,0.23605046334646396,1.0
0.4126176769114265,0.07349674733001266,2.0
0.37201808579278317,0.16975790508754074,2.0
0.7764129607419968,0.5197739485560177,1.0
0.34080354025301784,0.3370031764312863,2.0
0.9307573256035647,0.8288833658826095,1.0
0.8584127518430118,0.43088752366180594,1.0
0.42899402737501835,0.2487142725876299,2.0
0.7508710677914974,0.61714498660403,1.0
0.7545428740846823,0.7067772168854458,1.0
0.10312386883593261,0.16704190790094986,0.0
0.9025529066795667,0.16761921628831766,2.0
0.5052523724478571,0.03667142693354297,2.0
0.8264574661077416,0.7364020150656405,1.0
0.32004960103061175,0.6638045276218051,0.0
0.8955232284962005,0.4746308757498139,1.0
0.3892016787341631,0.8441704489691971,2.0
0.01083765148029836,0.8056701529500532,0.0
0.9053819764192637,0.5853543643967521,1.0
0.09128667678613356,0.8682712805132586,0.0
0.31931363759041487,0.20584121003676825,1.0
0.9500619670508049,0.11191961939772788,1.0
0.9506071469375561,0.2697496115169896,1.0
0.5734378881232861,0.05708685608931485,2.0
0.6318372121697993,0.531169528001032,2.0
0.44844552197831977,0.9366056922949615,1.0
0.29321077169806453,0.03934354066850965,0.0
0.32866454536991596,0.1221099140100268,1.0
0.6725184560770384,0.4521990282834353,1.0
0.75237452943768,0.9338750175279049,1.0
0.7915790437258485,0.3161561049767505,1.0
0.7896181427945539,0.5072348086883924,2.0
0.09120610304869037,0.0415728590503921,0.0
0.49442030470258147,0.14834320096208886,2.0
0.057558760016644284,0.9866301229588469,0.0
0.5495288823237355,0.9651186964360455,1.0
0.441530501373377,0.004939980934409616,2.0
0.8877041827582998,0.951811785423239,1.0
0.3509150125520787,0.6391199378155004,2.0
0.11706701642760586,0.8679182945200221,0.0
0.14299168205283586,0.4547398556338591,0.0
0.7615106317174722,0.5155960285792502,1.0
0.6182180633162611,0.4888465802569202,1.0
0.10112267612279024,0.6668642575461043,0.0
0.08410680611499743,0.1396512547563129,0.0
0.70096913145912,0.029973589872677953,2.0
0.07276300636419353,0.3079299415911909,0.0
0.8218600592903562,0.7046807627366467,1.0
0.7062422271564962,0.20185345212294836,2.0
0.08134878064189976,0.6734324333249173,0.0
0.08483771408519192,0.9699120461072704,0.0
0.9866395785011755,0.09390071578941839,1.0
0.3742707957561203,0.6726021182251263,2.0
0.3706421470668909,0.44375021930457115,2.0
0.8127995672575026,0.8681422543775054,1.0
0.9472485773838587,0.1771497894473859,1.0
0.9860010638228709,0.6926259522261645,1.0
0.7533781852589416,0.8381152896481102,1.0
0.37625958553091576,0.9446142194740232,1.0
0.08350071669866876,0.6832480282896458,0.0
0.7771469159274368,0.4971747640084273,1.0
0.558404249735805,0.6178472402012138,2.0
0.4242220092469763,0.8689049844787182,2.0
0.906354385094736,0.5706097466388297,1.0
0.11119748230615134,0.03038705969683686,0.0
0.49262510429085915,0.9309486955069778,1.0
0.011353644767419069,0.6895267510315611,0.0
0.46866064199412627,0.6765133857772465,2.0
0.05630327568183735,0.21567515239771717,0.0
0.11881791626807192,0.6588854702326572,0.0
0.11752624677710488,0.3938644056541585,0.0
0.6492103021160636,0.6512329770414921,1.0
0.7460448792654233,0.10659303030799072,2.0
0.5833687650971596,0.657845304603036,2.0
0.9621725484745419,0.9994137257706666,1.0
0.37487057952370406,0.04821203886055603,2.0
0.28571208628186073,0.9771741842213173,0.0
0.8685991281894603,0.4069079607228706,1.0
0.22359583851945264,0.8707534503372591,0.0
0.9632225394406113,0.7823854840582735,1.0
0.012154474689816341,0.5670162609866678,0.0
0.969878826707639,0.7384492092513265,1.0
0.04315991195057611,0.8785155613013479,0.0
0.8911431136980711,0.404140321651033,1.0
0.5277011090862999,0.3270331615632387,2.0
0.9929647961193003,0.6675933855635847,1.0
0.07379656473539886,0.8078459419412586,0.0
0.5538542844013208,0.7622851347766157,1.0
0.969302535619099,0.7978136488586345,1.0
0.5230978441701488,0.435583314812933,2.0
0.6293986381352625,0.8178342161750216,1.0
0.6957486889846172,0.12020905537060844,2.0
0.45454106476777323,0.5444890979608495,2.0
0.6275580800840634,0.0057586604981215705,2.0
0.5843143119231002,0.3245858299002703,2.0
0.901158010490989,0.3664615348713979,1.0
0.04544638034145787,0.3961726916092554,0.0
0.2809631895922303,0.6954672066898622,0.0
0.9504114840765587,0.38855810127034573,1.0
0.8902637838909163,0.44869362262253065,1.0
0.45565675278571294,0.23754413087432746,2.0
0.6201325978015367,0.3732517916293401,2.0
0.2773811829811327,0.22726962726315147,0.0
0.1881211597237613,0.07319592376844364,0.0
0.46369840493998216,0.6034485933813779,2.0
0.3533522280260528,0.6682127985550163,2.0
0.5836561118508721,0.6194903460096145,2.0
0.07773463696498484,0.46349404380057235,0.0
0.9743948076661665,0.3797857801792298,1.0
0.9862107444796029,0.8633336495718252,1.0
0.6981617140197451,0.519081785136218,1.0
0.5360963663441204,0.47918187762973097,2.0
0.30952761628632774,0.025642065806435688,0.0
0.8137950197069487,0.34124782762615635,1.0
0.6847311725538793,0.38019561878585706,2.0
0.1626169393448913,0.3988227808969005,0.0
0.9109271844938425,0.5801723692273323,1.0
0.822537242923169,0.5336025467268785,1.0
0.949799913291924,0.6079050927934446,1.0
0.72571950838836,0.7648832615421283,1.0
0.6134151959357899,0.8129857387160935,1.0
0.4182430362906189,0.7181230762264944,2.0
0.9327284833540133,0.9555236959549347,1.0
0.8660638895004084,0.01823258267636163,2.0
0.04521867010618941,0.1957779856835461,0.0
0.026366974497252005,0.00756287497814212,0.0
0.3764633668780496,0.647474714154603,2.0
0.8105533307818329,0.8980305489499869,1.0
0.9872761293149445,0.24348229657629927,1.0
0.15041689110352818,0.9270345447963066,0.0
0.5941307153521351,0.06026739028956085,2.0
0.3808908566310215,0.9344360268055143,2.0
0.9699143978146032,0.3516226872396344,1.0
0.8421189231357087,0.10142082844921652,2.0
0.8383287047111379,0.48587175918632564,1.0
0.4686931597949703,0.25677656772050794,2.0
0.4148195023376652,0.28487290196192283,2.0
0.27340707193070624,0.3072899649262866,0.0
0.056375496650927115,0.8030258978326634,0.0
0.8647223762550532,0.5391612766752545,1.0
0.8129010091300776,0.31130769915600365,1.0
0.9997176732861306,0.6103337833109184,1.0
0.9966368370739054,0.7161506742231936,1.0
0.5554317056026274,0.27262400073353377,2.0
0.7689874151805105,0.4135491015253515,1.0
0.944765729882428,0.12188609333694755,2.0
0.8496473906774115,0.18114934953468032,1.0
0.24734810174319766,0.6811178539649828,0.0
0.4505441353100935,0.18143834769562694,2.0
0.12915941515149498,0.5251633836670602,0.0
0.9540510272587224,0.7090462617224327,1.0
0.60617463445088,0.10687692309474384,2.0
0.22864280550346272,0.5673122196289035,0.0
0.6717006844058567,0.25656278370136376,2.0
0.6181282404578958,0.9629268752375798,1.0
0.3581627180328405,0.4835456467199247,2.0
0.11355759219962902,0.8059925497751581,0.0
0.6715731955927996,0.5502265421562618,2.0
0.5203077009037933,0.043412532854819164,2.0
0.7723183917356393,0.6331513755940223,1.0
0.5201635011119934,0.951403342206657,1.0
0.8521815003185401,0.6016118201463312,1.0
0.5519068387744855,0.8191888594267902,1.0
0.5609379715353863,0.8842064633484078,1.0
0.876653602658345,0.22807977194893247,1.0
0.40348286621239704,0.21204483990822665,2.0
0.13401522845064073,0.6109809888509917,0.0
0.028782676313338973,0.4110284698067047,0.0
0.755137255673619,0.8398613028667203,1.0
0.6203095513534647,0.9000231233980112,1.0
0.7040797680992236,0.3534213793027181,2.0
0.21296416150891073,0.23687055897448206,0.0
0.13637147558676976,0.7805255152438618,0.0
0.014544665667881929,0.2748060355481361,0.0
0.350587558806597,0.8226143185136784,2.0
0.5899176868546331,0.42373825364876283,2.0
0.3922440450997323,0.6675498992914705,2.0
0.43747492202372906,0.09553531383466818,2.0
0.9041586944937484,0.623859324676573,1.0
0.34825546702330035,0.4517676787372291,2.0
0.5139894891598108,0.5866084631754741,2.0
0.7836530127411431,0.16801420774486342,2.0
0.39654278232127016,0.7368737449441821,2.0
0.6220867002278735,0.8627970775432285,1.0
0.8623637087467452,0.21673980009077565,1.0
0.9495206236576421,0.09571455552016173,2.0
0.14707348092903794,0.023638586046336396,0.0
0.9265876251614944,0.641971500443266,1.0
0.4921162930795382,0.6070940360887808,2.0
0.25824438829895835,0.54669741271407,0.0
0.4591357562382613,0.23194709611597542,2.0
0.980032575285477,0.39090599590551467,1.0
0.4926180939928696,0.594476335186173,2.0
0.3287516102875082,0.4967668588591694,0.0
0.6334008543167258,0.9877855202148873,1.0
0.24014561877819307,0.13643975255673313,0.0
0.07586332810866392,0.6951445540475938,0.0
0.12887972191064923,0.4043187681042921,0.0
0.12804583895777244,0.42819961492561476,0.0
0.15190269351229435,0.7175977656581762,0.0
0.13882717264941014,0.6924361513243696,0.0
0.6408747448032146,0.9912559937021883,1.0
0.18188008439914483,0.12839428945412523,0.0
0.3456672833238632,0.10410964938416634,2.0
0.8967884099060118,0.7243388171287412,1.0
0.47396164026287235,0.5783869170064091,2.0
0.6675577385210272,0.27416066655980587,2.0
0.17231987120162984,0.0794193689889866,0.0
0.19228901880867078,0.08565824959643054,0.0
0.04086861626647886,0.8941908746641183,0.0
0.16893506307216455,0.1918673247187429,0.0
0.2785903390319586,0.32337156211552076,0.0
0.17701048427674682,0.22665640222698802,0.0
0.08870253375705561,0.3549963058319373,0.0
0.12063587110060081,0.06942384274609337,0.0
0.46077876803272577,0.5190597909082704,2.0
0.2063337184057925,0.0676125635922149,0.0
0.36426986104807546,0.8003565078223616,2.0
0.5034172708548569,0.23371208191043302,2.0
0.6903948286293653,0.5400119146045106,1.0
0.039312139841098936,0.8800790875614583,0.0
0.7994103989090426,0.6508773690471942,1.0
0.6279003894909078,0.5329577865513353,1.0
0.08175903194887191,0.3243337531153756,0.0
0.8735786241067772,0.33300191305819793,1.0
0.9208724005318132,0.6694869551981901,1.0
0.06107795985486375,0.9941393612211675,0.0
0.2768776481472037,0.6618391898493786,0.0
0.8062012797930613,0.5577834173700249,1.0
0.7482596903836584,0.7306505102392461,1.0
0.18452101935637732,0.46520561228371815,0.0
0.2093493233367103,0.060142342600785215,0.0
0.370472102791382,0.5622968158779098,2.0
0.4845229851910213,0.9576252845053802,1.0
0.618254771530296,0.17530294235765964,2.0
0.3689136395697724,0.6900048908206657,2.0
0.4625347161331479,0.20093368865905648,2.0
0.7474709381337565,0.5358276844730813,1.0
0.0366832028905979,0.09667644964671962,0.0
0.25243694434402075,0.45037093625818514,0.0
0.7133495858845524,0.7561633288952461,1.0
0.8952068376871993,0.3475715242389821,1.0
0.5116774421156661,0.664911724487218,1.0
0.5321134852653157,0.7954499607897292,2.0
0.10717201133977605,0.9271778194794527,0.0
0.44741236682345464,0.23464208185545354,2.0
0.5326172664550232,0.39931591580930814,2.0
0.24247050363472966,0.15241601333041743,0.0
0.26924323094938096,0.9924835021583752,0.0
0.37728416310462265,0.9270009679242953,2.0
0.02007119777772637,0.5399571302805596,0.0
0.3220791655831783,0.8420332943764213,0.0
0.21144800699654465,0.5209579772720422,0.0
0.32749735217791465,0.6235856880027597,0.0
0.11976213181925122,0.08912443211601662,0.0
0.890527280739895,0.7552704204968079,1.0
0.5935924535540487,0.12771348363523483,2.0
0.6791023191444896,0.8260676302525284,1.0
0.7891712386073383,0.7820280876703859,1.0
0.4984421989290573,0.7087446977429764,2.0
0.08692028808742369,0.036160380524762115,0.0
0.5371065418185478,0.3031283559453286,2.0
0.5868411180208791,0.26311256991084286,2.0
0.74543947418433,0.3601364074715191,1.0
0.4316595462296794,0.08764274676383854,2.0
0.12758030279556376,0.9369578230310628,0.0
0.28377590579872447,0.5538022407123763,0.0
0.3630822963986351,0.30552431065802355,2.0
0.6459172413316012,0.3969815170742834,2.0
0.5707783046689119,0.44720254050483565,2.0
0.35609672589784624,0.6005943333606173,2.0
0.9865152487929797,0.5156794276964978,1.0
0.6057748193568872,0.9193919732144173,1.0
0.23722679173599448,0.49696348290583026,0.0
0.10178247262040374,0.9921580148233127,0.0
0.15285913918433203,0.8514249577450957,0.0
0.24595772838450813,0.2085105143573358,1.0
0.16068137325955567,0.9305952146439163,0.0
0.18656702405130576,0.11636639788547609,0.0
0.2850951686938471,0.8174497084911916,0.0
0.17337359529475482,0.3806232934765801,0.0
0.8967654246264252,0.8779743204450695,1.0
0.08023374566164221,0.8680566901074503,0.0
0.5245113895702547,0.8059254001176211,1.0
0.4103968269896615,0.7900304363070614,2.0
0.9823786169086064,0.3046791390980408,1.0
0.11203890216805235,0.08091928305125218,0.0
0.39785559904574164,0.40298017876516146,2.0
0.9694704332753689,0.17352451498650867,1.0
0.8655071258939803,0.6949510889024617,1.0
0.8170720709492799,0.34609972653778553,1.0
0.25790282704493983,0.9756102008599149,0.0
0.17088758739006582,0.640972077345332,0.0
0.668643219924431,0.822480563634361,1.0
0.9293759891275858,0.13252467274184843,2.0
0.5567628930139298,0.8620144822726226,1.0
0.5716126894698998,0.9227571905133943,1.0
0.2799790936602842,0.4870619188189359,0.0
0.7694929331919369,0.6062529377509774,1.0
0.18704374855752337,0.7648098009029954,0.0
0.3236792364042437,0.17483862726041255,1.0
0.4254364386164168,0.5025660764634424,2.0
0.507610378684455,0.3986630277723131,2.0
0.24240973241508024,0.1463739921622491,0.0
0.11483682473920354,0.36753442229153144,0.0
0.6106200424416326,0.06817230938549357,2.0
0.28863055324025577,0.025811906949486985,0.0
0.5812382214226123,0.13516628915482276,2.0
0.1543627152742023,0.9631151115891738,0.0
0.4811401018548175,0.549529535895017,2.0
0.5325894325515859,0.96582216115322,1.0
0.05182353682242691,0.432497878330132,0.0
0.3366042781939206,0.3118161330852596,2.0
0.13441467693897424,0.5061418628402441,0.0
0.06337497047276774,0.4395116886329101,0.0
0.9899602323899452,0.10566468426174391,1.0
0.32235384497472297,0.6408263146902062,0.0
0.8098744458546349,0.2160381825095996,2.0
0.25464065476376385,0.6195879548978296,0.0
0.6815027222239293,0.6502010923981534,1.0
0.7602278598896866,0.1520248531286481,2.0
0.5956387406078443,0.06134962711066816,2.0
0.47157618855015837,0.7807615860684398,2.0
0.41184091414726853,0.4598004237693202,2.0
0.3488682665429953,0.05816379550547579,2.0
0.9295291442478258,0.9948663171697671,1.0
0.8306194077877291,0.05778056099636664,2.0
0.9650269106665126,0.6950352288585532,1.0
0.12429722348554473,0.9836789252634136,0.0
0.7308674752036443,0.23918010421592562,2.0
0.9383404568210378,0.14224936868719618,2.0
0.18123306616566015,0.1213849394224289,0.0
0.0664962673667775,0.30327514756759555,0.0
0.741120649290059,0.10104581101064669,2.0
0.5744731131799119,0.6921613416941319,2.0
0.8418287767582721,0.06229179813006269,2.0
0.1397723766262895,0.5094221281497897,0.0
0.7952673118598902,0.9966968538529768,1.0
0.20162732004774453,0.8139702695060188,0.0
0.1636559428657045,0.6152194382310109,0.0
0.16426579793099294,0.30625362078661167,0.0
0.8145747202313821,0.6238958362916385,1.0
0.6651972206962001,0.5270414639116516,1.0
0.5230654247691193,0.4260833838903715,2.0
0.3588304841235025,0.13071037674019947,2.0
0.8772005408131083,0.8866042152404667,1.0
0.3924451074226354,0.4497846488213225,2.0
0.8165994394715771,0.19462251182076507,2.0
0.4391349085702184,0.3677593508772896,2.0
0.3769444294249076,0.41412975252892703,2.0
0.46267978566960644,0.8275378955668743,2.0
0.3013778741641421,0.733614380561402,0.0
0.7476093801762511,0.7693048936413398,1.0
0.5027203900924792,0.011031264428647214,2.0
0.2322126951468173,0.4161539981797615,0.0
0.8995745732745685,0.4813441516353236,1.0
0.3838912213732114,0.019192276823056686,2.0
0.5435528611139886,0.2598132087450342,2.0
0.9064721109645469,0.760289823122135,1.0
0.6242379959139921,0.13710970572899905,2.0
0.11689804070836407,0.5353101314525917,0.0
0.9398321236134751,0.2152018720172375,1.0
0.6277080530714179,0.012120774643893273,2.0
0.3349056146570861,0.24120145759954148,2.0
0.13927207266338726,0.9758737549100538,0.0
0.794025189270296,0.8015371118829896,1.0
0.6200727559285135,0.9595766443210334,1.0
0.5334610919763215,0.48785404392636245,2.0
0.8938925830509576,0.1097361986775035,1.0
0.7885972112245307,0.547959488973693,1.0
0.15167487973275118,0.4543773345599609,0.0
0.31172206779554823,0.844357082739616,1.0
0.24848913981446574,0.09808258078424459,0.0
0.743946292572677,0.4882411370217782,1.0
0.03353243473577938,0.15004866469398426,0.0
0.5698896848713165,0.32467592689006,2.0
0.7624586857406905,0.7373570773877997,1.0
0.8767656367617495,0.47601812936876653,1.0
0.34208174871590746,0.37588828514576933,2.0
0.8212573046720129,0.3944762785700353,1.0
0.11063173695520723,0.45944676840598664,0.0
0.8464522917345182,0.7850165438370569,1.0
0.12748866233198242,0.8920846889402344,0.0
0.39728729056036727,0.9553346865039283,1.0
0.7972953657795536,0.7869033862552951,1.0
0.14991742734877378,0.31540689574801273,0.0
0.22925139523264149,0.6881347060865421,0.0
0.7222525683930663,0.4376031240553919,2.0
0.7200365365460744,0.2546706220460512,2.0
0.6411476328852973,0.8408715794259226,1.0
0.6939484444671,0.038426348962324997,2.0
0.5427244433475962,0.9017619921354235,1.0
0.25179905890695276,0.46147746462473416,0.0
0.34569599350391944,0.6372014768082804,2.0
0.18159771680142567,0.6593539222057827,0.0
0.9084505613336283,0.8951177407065364,1.0
0.5833917947661205,0.6366696821672073,2.0
0.4008514167636399,0.6139335847600618,2.0
0.4620058036441327,0.06665204056068996,2.0
0.9472833396118153,0.5184080219452041,1.0
0.1533514031160802,0.15016900081704165,0.0
0.5862298320167972,0.7374337687214856,2.0
0.505888678884466,0.5122219208126745,2.0
0.6114542354346478,0.6802277792083533,2.0
0.01811018382084051,0.041672900602384266,0.0
0.8721239089441515,0.08479201604580322,2.0
0.9321182824836124,0.7163233880626823,1.0
0.5651331835892089,0.07208433599867337,2.0
0.6966508238768923,0.0712567277652586,2.0
0.9224993811772957,0.01210847523488745,2.0
0.7072386343133986,0.9565013982994801,1.0
0.15253904291426135,0.737508359459007,0.0
0.5762883601668132,0.35325140850206416,2.0
0.6067150463828559,0.2965355812876552,2.0
0.424130671302386,0.34970322974584955,2.0
0.7364442356247228,0.7746535311811819,1.0
0.9343670147690148,0.6613706110704144,1.0
0.9255685129067763,0.18519556786746794,1.0
0.4508393714041321,0.17410933533408435,2.0
0.11323804584075525,0.09839564971339732,0.0
0.9848411989623346,0.6603027197013381,1.0
0.8388980864459341,0.7643726622217359,1.0
0.12466268120326685,0.265046428325004,0.0
0.9208418826173723,0.020944961030912812,2.0
0.8698963620621283,0.08217166747642735,2.0
0.5188380571260721,0.9678600348450305,1.0
0.5912754357449292,0.29544477747742026,2.0
0.39900270387013026,0.7692231478381336,2.0
0.05476163882203133,0.6246635688542638,0.0
0.3351972416459009,0.3819396396528959,2.0
0.8028534485980114,0.2056872621955551,2.0
0.004632023004602859,0.12138641815940643,0.0
0.3334991716911442,0.6150129680388666,2.0
0.3981686935909433,0.774633780637788,2.0
0.5373956029379229,0.6439042535411307,2.0
0.9198556164127605,0.5303021332491583,1.0
0.34634599436596125,0.041951223431636264,2.0
0.3469532018962277,0.9684887775943838,1.0
0.7375012481097484,0.7987141916545746,1.0
0.45221794088980716,0.29282203670096474,2.0
0.22460482293998196,0.9799703293588506,0.0
0.4524395161326934,0.6018815896363221,2.0
0.14085702037979986,0.5824226582072465,0.0
0.1763869865062233,0.7480731794295321,0.0
0.49836777273947974,0.8117697880901376,1.0
0.4189254495045479,0.6564786073315027,2.0
0.9148459010681,0.12809574636620003,2.0
0.3623938991166331,0.3382675059944984,2.0
0.5805883502780435,0.9280836403260497,1.0
0.6322642879195304,0.22461561184385193,2.0
0.013094456588333636,0.3721670238375133,0.0
0.6635373720167106,0.432076882944196,2.0
0.17803596686975143,0.4394049896944522,0.0
0.9610703174694551,0.6129395824945255,1.0
0.14866272775311296,0.9430758377447076,0.0
0.41462412372702373,0.24069271183250496,2.0
0.08534966807864386,0.12150137630091806,0.0
0.9968742518459474,0.19747048985993731,1.0
0.5021950103312426,0.8869249002092695,1.0
0.5953850173200438,0.645810812655206,2.0
0.06707647738842748,0.28590678923916013,0.0
0.7499604703991778,0.8159469389686173,1.0
0.20990559309558576,0.861369996363436,0.0
0.8980542894407137,0.846514338690278,1.0
0.20513964048200717,0.9189265336395545,0.0
0.19068772066366657,0.2522410201733616,0.0
0.03654966784809488,0.7550419287462783,0.0
0.47206694510999925,0.46053949727414,2.0
0.5648411332626164,0.8419985528900615,1.0
0.06570863942835237,0.7284906771616132,0.0
0.7755276166950106,0.7764474464997246,1.0
0.4532888347480276,0.6561618376810715,2.0
0.52439026932758,0.17742876946970687,2.0
0.44076274693822814,0.5450269188969383,2.0
0.400763060875326,0.9846697395245082,1.0
0.5596403313082179,0.9373880664971189,1.0
0.1552402459307125,0.04317373579701167,0.0
0.18192813049527112,0.16481481572943713,0.0
0.8617856210135173,0.1317287734545619,2.0
0.9461154621336327,0.7259799099852955,1.0
0.37330931627975295,0.8177853298569451,2.0
0.27074467314355377,0.2135113663106719,0.0
0.6439995432390158,0.505852692951829,1.0
0.4087341710980964,0.8407030280112,2.0
0.02538635566034486,0.7328015447662506,0.0
0.15615259736619036,0.5422372054918483,0.0
0.7159722288473975,0.5903476904587729,1.0
0.6589239419101514,0.50836054691628,2.0
0.02709599250348349,0.2975484513188206,0.0
0.22197216193294944,0.5650219928590161,0.0
0.2310747965880714,0.6888853020500907,0.0
0.6718927435987284,0.8733229158608077,1.0
0.019710537754364155,0.6362913539792481,0.0
0.10410858198457384,0.761121537043158,0.0
0.7999160853731894,0.160071634954573,2.0
0.1785446620543336,0.4615574744197899,0.0
0.6527461078518747,0.009331619827093296,2.0
0.23818278104672652,0.24667886452162302,0.0
0.09944139275934516,0.7264617151130048,0.0
0.24317219099945409,0.9918099513493635,0.0
0.7222669318556592,0.0991780995872159,2.0
0.8556964681062857,0.40149431586128825,1.0
0.8302198645669916,0.8000709686991595,1.0
0.3971835296184548,0.20403563462889884,2.0
0.6680851365706462,0.5550849493022862,1.0
0.20498429541582097,0.7330712960296748,0.0
0.29314773026101326,0.615985450260179,0.0
0.8963358185211198,0.18802473461541613,1.0
0.013001923510736035,0.3553845686857394,0.0
0.08550853085446808,0.7837917844853972,0.0
0.20788625514602732,0.5542265141320166,0.0
0.026532203873819715,0.005229613542912737,0.0
0.18143543508979731,0.7609907600280938,0.0
0.5830415609696922,0.03531135494023907,2.0
0.42142455059249795,0.7457337827312321,2.0
0.8926717110769748,0.2024805601652374,1.0
0.8174435617384409,0.9580734801193802,1.0
0.34181735169787597,0.3679407513020845,2.0
0.2594234334312925,0.3269316163380791,0.0
0.3796924081672669,0.14888805033244468,2.0
0.5902949425148077,0.3056042154902149,2.0
0.26806364082287626,0.8766507618282006,0.0
0.624148907849134,0.9963343376272473,1.0
0.4094116521912404,0.36830953050684834,2.0
0.5520471808519802,0.44861063095454257,2.0
0.4361265291353167,0.722070938202737,2.0
0.29446575954191767,0.8861957804650745,0.0
0.9484533069621567,0.5930443341867842,1.0
0.7636057941597608,0.39152569817782934,1.0
0.14011317576645255,0.41262184084862374,0.0
0.8684679758979128,0.6956181464968069,1.0
0.48743119824951364,0.0032182636042786816,2.0
0.8945522268940914,0.6195893374598407,1.0
0.7998552559473152,0.3554930104413574,1.0
0.42521350446923345,0.7941973312770843,2.0
0.022469308320117398,0.09299063982313216,0.0
0.2686773593849461,0.5882022669483905,0.0
0.5416342146608669,0.48097288988612374,2.0
0.6334782198261473,0.6423255259052274,1.0
0.2578876854332023,0.06485359448296835,1.0
0.13935607407282413,0.5799837874281313,0.0
0.8349302367992991,0.5614845879595237,1.0
0.9844021807035521,0.5606600944161709,1.0
0.5256901823026858,0.6034876665964548,2.0
0.1716792858483035,0.6764679372263622,0.0
0.27230732651936895,0.8049889996807698,0.0
0.018390676547466733,0.26982072012821434,0.0
0.914298806560499,0.8250494101800621,1.0
0.11775108289014113,0.4982556822634536,0.0
0.5765164755142536,0.07705827913433116,2.0
0.274055220687206,0.0585509292439792,0.0
0.5541780025157934,0.3342383186960608,2.0
0.6514203883518642,0.7848969771114676,1.0
0.8297418037072016,0.7076809347409158,1.0
0.2064212717606032,0.7886149646724064,0.0
0.010995828658480478,0.5172690564416094,0.0
0.13688563006880727,0.44019899795549056,0.0
0.9000186418481051,0.14745252670628395,1.0
0.8738900775625152,0.32819275360931155,1.0
0.5974131021703083,0.43401936617387527,2.0
0.6005168604336534,0.08860042967961723,2.0
0.6650366745462555,0.22061195271121126,2.0
0.1753712786234496,0.5982252940637388,0.0
0.9144119459249598,0.7356631142391898,1.0
0.4187705248920731,0.9983475113929496,1.0
0.38313852824949746,0.9331133313435577,1.0
0.5189177052828375,0.6425651995351915,2.0
0.046965966775055046,0.421248053294072,0.0
0.1662833687560794,0.6361773647082327,0.0
0.7380336164263704,0.785651618080232,1.0
0.08279866792512647,0.11833619092338732,0.0
0.6031521094663882,0.40990488969628824,2.0
0.24534910968132095,0.8398022856356172,0.0
0.38929561404197655,0.383832951933044,2.0
0.28869373677069987,0.5718722712271865,0.0
0.35567271646494913,0.5877693608621982,2.0
0.7190459051842455,0.18447625313363936,2.0
0.297121715623175,0.3622354416522884,0.0
0.5664046402968972,0.33451128874193214,2.0
0.47605040219909966,0.026196708532064794,2.0
0.6636711653626481,0.024191763891355245,2.0
0.936829739324758,0.8316970436757735,1.0
0.7325720972102503,0.2730708099728124,2.0
0.21494037859075676,0.5180787662388154,0.0
0.031183135061284672,0.29872557358877305,0.0
0.2622640442998251,0.9406792451153405,0.0
0.5950779307002548,0.25929675886577375,2.0
0.05142581348425035,0.4296568127389351,0.0
0.49636624720123634,0.8727302504846018,2.0
0.5968428489168892,0.8419335667918086,1.0
0.3342438908169608,0.18610141784627732,2.0
0.7709122037458219,0.8026433097957104,1.0
0.1065982531337718,0.45818688673789265,0.0
0.07513778173580876,0.4829688720853552,0.0
0.7281887562036033,0.13347997241594378,2.0
0.49549131620619846,0.08060151375712465,2.0
0.688402396427736,0.7279393069737652,1.0
0.4348273386037462,0.49646115235529975,2.0
0.2464020332391068,0.43685070261517955,0.0
0.8191023176741997,0.7295082286523967,1.0
0.7994158789689793,0.7655128989911097,1.0
0.6946964708544268,0.15890816766935356,2.0
0.2721451372299627,0.6102251494776413,1.0
0.5902306668690871,0.13535408227768553,2.0
0.3609738969400268,0.7513750860290457,2.0
0.09158207332663415,0.6569551562671395,0.0
0.9173135754622428,0.956614621083458,1.0
0.1368186309189614,0.06895801635642118,0.0
0.9502373538208024,0.05705472115125432,1.0
0.44600577295795574,0.28218707469320015,2.0
